0.000000000000000000e+00 0.000000000000000000e+00 0.000000000000000000e+00 0.000000000000000000e+00 0.000000000000000000e+00 0.000000000000000000e+00 6.543322072271191558e-01 0.000000000000000000e+00 0.000000000000000000e+00 9.710568603571407831e-01 0.000000000000000000e+00 8.858810845619882191e-01
0.000000000000000000e+00 0.000000000000000000e+00 0.000000000000000000e+00 0.000000000000000000e+00 0.000000000000000000e+00 0.000000000000000000e+00 0.000000000000000000e+00 0.000000000000000000e+00 0.000000000000000000e+00 0.000000000000000000e+00 0.000000000000000000e+00 0.000000000000000000e+00
0.000000000000000000e+00 6.702392600818050106e-01 0.000000000000000000e+00 5.804886435317762050e-01 0.000000000000000000e+00 7.588214656584295614e-01 0.000000000000000000e+00 0.000000000000000000e+00 0.000000000000000000e+00 0.000000000000000000e+00 0.000000000000000000e+00 8.846920803803559608e-01
0.000000000000000000e+00 7.814792480828285370e-01 0.000000000000000000e+00 0.000000000000000000e+00 0.000000000000000000e+00 7.442795828035342343e-01 9.739867626792733102e-01 0.000000000000000000e+00 0.000000000000000000e+00 0.000000000000000000e+00 0.000000000000000000e+00 0.000000000000000000e+00
0.000000000000000000e+00 5.529340172251415719e-01 0.000000000000000000e+00 0.000000000000000000e+00 0.000000000000000000e+00 0.000000000000000000e+00 0.000000000000000000e+00 0.000000000000000000e+00 0.000000000000000000e+00 0.000000000000000000e+00 0.000000000000000000e+00 8.694770090727239609e-01
0.000000000000000000e+00 6.598398782224825787e-01 0.000000000000000000e+00 0.000000000000000000e+00 0.000000000000000000e+00 0.000000000000000000e+00 0.000000000000000000e+00 0.000000000000000000e+00 0.000000000000000000e+00 0.000000000000000000e+00 0.000000000000000000e+00 0.000000000000000000e+00
0.000000000000000000e+00 7.012550284830657565e-01 0.000000000000000000e+00 0.000000000000000000e+00 0.000000000000000000e+00 0.000000000000000000e+00 0.000000000000000000e+00 0.000000000000000000e+00 0.000000000000000000e+00 0.000000000000000000e+00 0.000000000000000000e+00 0.000000000000000000e+00
5.165067384588926114e-01 0.000000000000000000e+00 0.000000000000000000e+00 8.357801658298552594e-01 0.000000000000000000e+00 5.130088865418203081e-01 0.000000000000000000e+00 0.000000000000000000e+00 6.570564481745001517e-01 7.575241767941591764e-01 0.000000000000000000e+00 8.942455298970034550e-01
0.000000000000000000e+00 0.000000000000000000e+00 0.000000000000000000e+00 0.000000000000000000e+00 0.000000000000000000e+00 0.000000000000000000e+00 0.000000000000000000e+00 0.000000000000000000e+00 0.000000000000000000e+00 0.000000000000000000e+00 0.000000000000000000e+00 0.000000000000000000e+00
0.000000000000000000e+00 5.599137441398152060e-01 0.000000000000000000e+00 9.397450729227436739e-01 0.000000000000000000e+00 0.000000000000000000e+00 6.355435767841186578e-01 0.000000000000000000e+00 0.000000000000000000e+00 0.000000000000000000e+00 0.000000000000000000e+00 0.000000000000000000e+00
0.000000000000000000e+00 0.000000000000000000e+00 0.000000000000000000e+00 6.909155052947365538e-01 0.000000000000000000e+00 0.000000000000000000e+00 0.000000000000000000e+00 0.000000000000000000e+00 0.000000000000000000e+00 9.176445810123231572e-01 0.000000000000000000e+00 0.000000000000000000e+00
0.000000000000000000e+00 6.115284165286958284e-01 0.000000000000000000e+00 0.000000000000000000e+00 0.000000000000000000e+00 0.000000000000000000e+00 7.974075613969080489e-01 0.000000000000000000e+00 0.000000000000000000e+00 0.000000000000000000e+00 7.620767877046388250e-01 0.000000000000000000e+00
